5.00000E+00 6.77803E-05
5.16381E+00 5.38283E-05
5.33298E+00 4.37747E-05
5.50770E+00 3.62757E-05
5.68814E+00 3.05341E-05
5.87449E+00 2.60449E-05
6.06694E+00 2.24748E-05
6.26571E+00 1.95942E-05
6.47098E+00 1.72411E-05
6.68298E+00 1.52978E-05
6.90192E+00 1.36777E-05
7.12804E+00 1.23149E-05
7.36156E+00 1.11599E-05
7.60274E+00 1.01736E-05
7.85181E+00 9.32605E-06
8.10905E+00 8.59319E-06
8.37471E+00 7.95590E-06
8.64908E+00 7.39880E-06
8.93244E+00 6.90945E-06
9.22508E+00 6.47769E-06
9.52730E+00 6.09494E-06
9.83943E+00 5.75451E-06
1.01618E+01 5.45050E-06
1.04947E+01 5.17801E-06
1.08385E+01 4.93305E-06
1.11936E+01 4.71215E-06
1.15603E+01 4.51233E-06
1.19391E+01 4.33111E-06
1.23302E+01 4.16637E-06
1.27342E+01 4.01625E-06
1.31513E+01 3.87915E-06
1.35822E+01 3.75373E-06
1.40272E+01 3.63870E-06
1.44867E+01 3.53307E-06
1.49613E+01 3.43594E-06
1.54515E+01 3.34647E-06
1.59577E+01 3.26396E-06
1.64805E+01 3.18777E-06
1.70204E+01 3.11737E-06
1.75780E+01 3.05227E-06
1.81539E+01 2.99210E-06
1.87487E+01 2.93648E-06
1.93629E+01 2.88507E-06
1.99972E+01 2.83759E-06
2.06524E+01 2.79375E-06
2.13290E+01 2.75332E-06
2.20277E+01 2.71610E-06
2.27494E+01 2.68191E-06
2.34947E+01 2.65056E-06
2.42644E+01 2.62191E-06
2.50594E+01 2.59583E-06
2.58803E+01 2.57219E-06
2.67282E+01 2.55089E-06
2.76039E+01 2.53182E-06
2.85082E+01 2.51488E-06
2.94422E+01 2.50000E-06
3.04068E+01 2.48710E-06
3.14029E+01 2.47610E-06
3.24317E+01 2.46693E-06
3.34942E+01 2.45953E-06
3.45915E+01 2.45384E-06
3.57248E+01 2.44981E-06
3.68952E+01 2.44738E-06
3.81040E+01 2.44650E-06
3.93523E+01 2.44714E-06
4.06415E+01 2.44923E-06
4.19730E+01 2.45275E-06
4.33481E+01 2.45765E-06
4.47682E+01 2.46390E-06
4.62349E+01 2.47146E-06
4.77496E+01 2.48031E-06
4.93140E+01 2.49040E-06
5.09296E+01 2.50172E-06
5.25981E+01 2.51424E-06
5.43213E+01 2.52792E-06
5.61009E+01 2.54275E-06
5.79389E+01 2.55871E-06
5.98370E+01 2.57578E-06
6.17974E+01 2.59393E-06
6.38219E+01 2.61316E-06
6.59128E+01 2.63344E-06
6.80722E+01 2.65476E-06
7.03024E+01 2.67711E-06
7.26056E+01 2.70048E-06
7.49842E+01 2.72485E-06
7.74408E+01 2.75022E-06
7.99779E+01 2.77658E-06
8.25981E+01 2.80392E-06
8.53041E+01 2.83223E-06
8.80988E+01 2.86151E-06
9.09850E+01 2.89176E-06
9.39658E+01 2.92296E-06
9.70443E+01 2.95513E-06
1.00224E+02 2.98825E-06
1.03507E+02 3.02232E-06
1.06898E+02 3.05735E-06
1.10400E+02 3.09334E-06
1.14017E+02 3.13028E-06
1.17752E+02 3.16818E-06
1.21610E+02 3.20704E-06
1.25594E+02 3.24686E-06
1.29709E+02 3.28765E-06
1.33958E+02 3.32941E-06
1.38347E+02 3.37215E-06
1.42880E+02 3.41586E-06
1.47560E+02 3.46057E-06
1.52395E+02 3.50627E-06
1.57387E+02 3.55297E-06
1.62544E+02 3.60068E-06
1.67869E+02 3.64941E-06
1.73368E+02 3.69916E-06
1.79048E+02 3.74995E-06
1.84914E+02 3.80178E-06
1.90972E+02 3.85466E-06
1.97229E+02 3.90861E-06
2.03690E+02 3.96363E-06
2.10363E+02 4.01974E-06
2.17255E+02 4.07695E-06
2.24373E+02 4.13527E-06
2.31723E+02 4.19471E-06
2.39315E+02 4.25529E-06
2.47155E+02 4.31701E-06
2.55252E+02 4.37990E-06
2.63615E+02 4.44397E-06
2.72251E+02 4.50923E-06
2.81171E+02 4.57570E-06
2.90382E+02 4.64339E-06
2.99896E+02 4.71232E-06
3.09721E+02 4.78250E-06
3.19867E+02 4.85396E-06
3.30347E+02 4.92670E-06
3.41169E+02 5.00075E-06
3.52347E+02 5.07613E-06
3.63890E+02 5.15284E-06
3.75811E+02 5.23092E-06
3.88124E+02 5.31038E-06
4.00839E+02 5.39124E-06
4.13971E+02 5.47352E-06
4.27533E+02 5.55724E-06
4.41540E+02 5.64243E-06
4.56005E+02 5.72909E-06
4.70945E+02 5.81726E-06
4.86374E+02 5.90696E-06
5.02308E+02 5.99820E-06
5.18764E+02 6.09102E-06
5.35760E+02 6.18544E-06
5.53312E+02 6.28147E-06
5.71439E+02 6.37915E-06
5.90160E+02 6.47849E-06
6.09495E+02 6.57953E-06
6.29463E+02 6.68229E-06
6.50085E+02 6.78679E-06
6.71382E+02 6.89307E-06
6.93378E+02 7.00115E-06
7.16094E+02 7.11105E-06
7.39554E+02 7.22281E-06
7.63783E+02 7.33646E-06
7.88806E+02 7.45201E-06
8.14648E+02 7.56951E-06
8.41337E+02 7.68899E-06
8.68900E+02 7.81046E-06
8.97367E+02 7.93398E-06
9.26766E+02 8.05955E-06
9.57128E+02 8.18723E-06
9.88485E+02 8.31704E-06
1.02087E+03 8.44902E-06
1.05431E+03 8.58320E-06
1.08885E+03 8.71961E-06
1.12453E+03 8.85829E-06
1.16137E+03 8.99927E-06
1.19942E+03 9.14260E-06
1.23871E+03 9.28830E-06
1.27929E+03 9.43643E-06
1.32120E+03 9.58700E-06
1.36449E+03 9.74008E-06
1.40919E+03 9.89568E-06
1.45536E+03 1.00539E-05
1.50304E+03 1.02147E-05
1.55228E+03 1.03781E-05
1.60313E+03 1.05443E-05
1.65566E+03 1.07131E-05
1.70990E+03 1.08848E-05
1.76592E+03 1.10593E-05
1.82377E+03 1.12367E-05
1.88352E+03 1.14170E-05
1.94523E+03 1.16003E-05
2.00895E+03 1.17866E-05
2.07477E+03 1.19759E-05
2.14274E+03 1.21684E-05
2.21294E+03 1.23640E-05
2.28544E+03 1.25628E-05
2.36032E+03 1.27649E-05
2.43764E+03 1.29704E-05
2.51750E+03 1.31792E-05
2.59998E+03 1.33914E-05
2.68516E+03 1.36071E-05
2.77313E+03 1.38263E-05
2.86398E+03 1.40491E-05
2.95781E+03 1.42756E-05
3.05471E+03 1.45058E-05
3.15479E+03 1.47398E-05
3.25814E+03 1.49775E-05
3.36488E+03 1.52192E-05
3.47512E+03 1.54649E-05
3.58897E+03 1.57145E-05
3.70655E+03 1.59682E-05
3.82798E+03 1.62261E-05
3.95339E+03 1.64882E-05
4.08291E+03 1.67546E-05
4.21667E+03 1.70253E-05
4.35482E+03 1.73005E-05
4.49749E+03 1.75802E-05
4.64483E+03 1.78644E-05
4.79700E+03 1.81533E-05
4.95416E+03 1.84468E-05
5.11646E+03 1.87452E-05
5.28409E+03 1.90485E-05
5.45720E+03 1.93567E-05
5.63599E+03 1.96699E-05
5.82063E+03 1.99882E-05
6.01132E+03 2.03118E-05
6.20826E+03 2.06406E-05
6.41165E+03 2.09747E-05
6.62171E+03 2.13144E-05
6.83864E+03 2.16595E-05
7.06269E+03 2.20103E-05
7.29407E+03 2.23668E-05
7.53304E+03 2.27291E-05
7.77983E+03 2.30973E-05
8.03471E+03 2.34715E-05
8.29793E+03 2.38519E-05
8.56979E+03 2.42384E-05
8.85054E+03 2.46312E-05
9.14050E+03 2.50304E-05
9.43996E+03 2.54361E-05
9.74922E+03 2.58484E-05
